1 0.8206249999999999 0.6876175 0.32625000000000004 0.22701700000000002
3 0.15625 0.5464355 0.1075 0.09849900000000006
3 0.4221875 0.5722325 0.4418749999999999 0.4071290000000001
1 0.0209375 0.633208 0.041875 0.08630400000000005
1 0.0171875 0.574578 0.031875 0.042213999999999974
1 0.165 0.7227955 0.32625 0.334897
1 0.0684375 0.662758 0.11937499999999998 0.18105000000000004
1 0.06625 0.5811440000000001 0.05125 0.02157599999999993
1 0.2003125 0.6885555 0.21437499999999998 0.2063790000000001
1 0.6609375 0.6519699999999999 0.10562499999999997 0.16698000000000002
